111280
164710
276357
373085
387282
403847
703897
712559
759393
770365
786906
816427
917796
1061200
1372887
1409474
1482001
1527418
1557341
1566817
1571945
1689516
1761063
1872843
1929294
2130625
2158562
2191144
2203790
2204038
2316186
2364438
2407147
2420921
2483611
2930675
2986553
3026686
3056267
3113836
3280747
3381441
3395226
3486020
3560069
3606728
3629090
3732747
3792766
3912064
4022819
4031928
4055337
4072687
4130270
4179255
4179849
4252828
4280258
4290468
4335427
4367330
4376658
4591250
4682617
4688231
4849037
4904812
5010422
5037726
5298175
5438492
5519829
5524387
5641251
5645210
5728014
5758500
5795882
5901497
5908650
5914184
6039967
6061630
6103294
6276588
6311717
6357341
6367785
6417578
6459419
6471156
6494106
6511113
6540606
6625096
6799227
6924874
7076131
7198399
7512044
7572887
7617062
7617253
7714344
7868571
8041569
8062132
8316661
8321183
8491308
8491961
8581705
8643186
8687195
8802510
8903700
9418365
9628664
9633505
9765723
9794980
9852718
10071151
10071456
10158145
10239627
10248389
10375182
10736540
10753491
10802915
10877309
11067666
11193246
11221418
11317977
11398951
11439455
11460577
11510448
11556339
11662742
11674673
11819616
11851647
11868731
11877465
12143771
12181376
12206212
12369277
12385638
12398280
12408276
12421694
12493482
12607053
12644061
12678870
12735388
12822541
12829151
12940613
12953226
12989604
13002461
13035077
13171876
13183454
13518809
13629812
13857930
13903402
13935001
13945283
13965201
13974207
14001430
14152693
14365823
14386013
14462257
14509651
14558127
14577226
14604710
14625090
14708569
14731897
14763299
14799437
15025844
15169262
15173384
15177750
15237615
15248873
15555120
15684835
15693423
15721392
15754711
15848542
15951532
16021142
16067089
16188701
16227556
16255442
16329071
16638212
16759958
16828633
16849715
16886617
16899564
16909657
16960120
17021204
17052477
17086528
17194258
17214465
17241370
17257342
17285476
17286057
17315396
17358176
17375316
17601919
17616743
17653779
17720747
17732278
17857780
17968114
17988746
18027138
18175965
18426196
18438874
18551923
18631392
18658572
18678554
19036557
19190082
19261966
19337371
19355597
19439119
19502505
19580308
19594506
19748583
20007374
20050865
20057949
20065549
20073910
20155904
20188127
20193924
20265095
20343502
20366274
20541432
20579538
20745268
20747792
20785975
20848593
20858318
21088856
21105106
21142671
21175632
21179143
21187631
21200905
21251800
21297224
21417692
21488686
21496848
21522601
21524779
21623008
21702241
21744288
21831848
21893603
21970285
22082163
22160245
22171591
22200403
22201234
22219822
22373487
22377815
22386234
22404675
22419772
22624373
22657402
22765132
23087070
23115241
23166823
23269426
23309606
23314220
23440231
23454876
23545031
23557835
23681456
23756165
23898021
23899727
23935886
23965037
24010609
24019261
24027078
24037702
24040093
24094258
24101897
24104865
24175232
24207889
24435369
24550676
24573625
24610207
24621460
24661486
24672164
24707869
24907044
24940422
25163979
25262697
25373678
25397880
25407643
25415052
25533642
25573054
25652259
25733157
25789292
25793414
25796442
25862681
25955749
26016357
26022485
26077387
26285788
26495087
26586849
26669055
26701483
26732909
26773909
26845680
26864586
27012990
27107590
27132350
27174286
27191436
27243130
27331568
27340877
27412542
27491571
27541563
27552504
27561302
27565379
27618634
27784944
27821104
27869883
27895597
27927359
28150174
28174796
28201945
28348537
28358902
28369508
28429121
28577986
28593329
28604635
28776350
28884172
28929131
28957126
28966434
29013526
29088922
29139104
29143457
29185231
29189613
29246354
29307554
29357687
29400787
29402771
29491031
29508346
29552709
29616929
29616941
29654737
29687169
29795530
30100551
30155789
30276969
30334522
30411385
30603688
30608985
30674956
30691817
30741503
31061682
31102447
31118030
31122090
31189536
31222701
31245780
31385077
31447217
31461282
31516413
31548814
31560081
31629407
31683874
31764353
31766317
31772684
31829185
31849106
31887905
32086564
32146097
32180819
32224143
32231618
32233746
32271987
32296881
32305461
32448765
32485271
32710364
32750510
32751480
32828635
32875265
32933942
32965616
33103459
33225925
33423043
33438666
33541430
33574806
33909817
33971095
34010534
34022290
34100324
34318086
34460239
34471458
34472920
34550857
34680482
34707034
35146019
35199656
35306215
35346968
35371948
35429292
35544402
35561352
35563539
35565537
35618217
35686187
35781051
36100154
36205132
36239585
36331074
36405256
36458063
36492575
36527535
36586443
36734924
36868108
36935434
37055344
37129797
37160778
37164373
37351133
37444964
37620434
37744402
37957847
37970940
38033121
38107923
38142739
38143903
38148100
38267552
38459905
38480590
38576155
38667773
38815069
38891741
38942059
38955728
38999506
39000945
39260991
39271553
39275698
39299733
39373426
39392286
39399168
39432962
39528955
39581190
39618799
39751093
39753577
39897277
39996157
40003819
40110009
40143123
40164421
40252269
40364916
40398073
40502912
40542825
40607210
40633297
40663548
40771118
40844552
40907115
40916023
40933924
40991587
41175645
41201555
41232647
41269771
41302052
41375811
41420027
41456841
41562624
41639001
41767843
41803903
42002073
42006475
42029847
42055234
42386471
42542842
42599677
42600274
42682609
42790071
42899204
42945701
43011492
43266605
43268675
43340443
43341600
43352213
43385557
43417563
43426903
43528009
43543777
43573231
43694075
43711255
43722862
43735670
43841694
43892408
43930492
43994202
44125452
44163252
44178886
44250812
44311445
44656450
44663232
44686185
44935634
44968459
45037489
45103815
45222299
45282603
45379225
45500495
45584727
45667991
45803070
45939611
46060017
46083380
46128076
46145256
46271408
46294982
46337945
46425662
46427957
46448938
46502013
46652477
46701379
46833854
46918794
46925518
46961802
47060347
47077318
47171541
47421985
47432275
47480070
47611119
47705572
47728740
47737087
47852924
47863787
48427163
48439321
48582558
48596760
48742406
48815792
48905153
48928529
48948935
48964966
49154689
49306994
49375719
49389190
49430782
49575521
49674183
49702428
49826746
50074392
50139096
50140163
50186558
50282757
50427388
50546208
50613779
50669347
50690129
50696588
50720316
50847759
50920465
51011872
51085303
51208046
51225407
51227866
51275027
51335426
51371017
51402177
51412776
51773900
51777272
51782995
51852507
51960178
51976476
52022648
52121290
52248570
52263685
52340274
52340444
52502677
52628687
52665542
52711246
52738610
52823314
52834429
52840267
52900379
52904476
52945066
52971673
53112492
53162898
53167658
53325667
53334641
53417695
53493204
53530069
53620899
53624265
54178659
54191698
54360049
54415063
54451023
54455435
54490275
54493213
54569495
54582424
54615781
54631665
54773234
54941203
55014050
55051920
55072170
55291359
55428242
55428811
55569674
55586621
55599882
55821894
56132807
56166150
56256517
56350972
56410040
56413937
56460688
56514812
56524813
56585883
56655675
56704140
56769674
56827051
56894757
56907986
57019473
57093995
57115864
57270476
57312333
57473560
57579381
57624336
57647597
57707471
57769391
57777714
57782164
57815601
57839750
57869175
58015506
58058134
58139128
58139997
58374719
58468105
58475908
58477767
58518520
58569561
58621589
58655504
58657303
58696829
58712976
58811192
58818411
58932615
59123937
59170782
59208943
59297550
59438930
59546528
59604521
59778096
59851535
59934749
59983499
60071928
60202749
60226558
60228941
60399954
60417395
60470713
60634565
60643553
60953118
60954556
61049315
61283655
61441708
61654098
61665245
61757117
61777313
61818176
61962135
62015408
62070231
62107981
62210247
62256492
62279666
62312469
62379337
62481203
62530723
62624486
62834295
62886670
62895219
63009228
63014935
63101919
63166095
63223467
63224564
63288573
63356631
63413494
63465535
63492244
63528891
63545861
63804637
63845230
63942761
64245689
64325438
64414267
64437633
64442155
64450427
64501875
64734921
64751286
64752646
64753157
64756282
64961254
64973456
65017789
65193366
65236257
65260293
65301952
65342096
65384188
65458948
65472618
65475294
65570596
65664792
65687442
65741786
65844845
66100045
66194206
66337215
66386380
66540884
66570171
66668900
66690411
66712593
66809920
66815913
66818682
66836598
66870733
66970385
67050396
67073561
67095270
67273917
67316075
67503139
67511500
67712104
67955331
67959180
67968069
67987611
68001309
68007326
68018709
68024506
68078978
68191243
68191756
68401546
68618157
68625727
68663748
68786330
68812773
68815132
68881649
68957925
69122763
69140098
69270537
69293721
69526976
69529337
70074904
70156997
70252926
70278545
70491682
70681994
70797118
70861343
70948327
71007216
71074418
71133680
71175527
71209500
71384012
71521025
71587526
71829750
71870152
72167543
72332074
72355272
72405967
72443568
72589042
72648810
72700231
72709014
72710085
73040500
73061465
73079365
73081602
73176465
73318863
73468603
73507661
73551138
73574678
73594093
73639099
73642296
73665146
73837870
73881652
73941492
73979030
74009824
74094021
74122412
74153887
74191942
74218258
74270067
74298287
74364659
74367458
74414885
74580251
74640994
74641045
74701381
74728028
74762582
74798297
74822425
74841885
74923978
74937659
75064463
75153328
75162696
75190122
75364199
75376965
75425320
75457624
75574498
75660578
75782277
75797046
75833426
75850803
75878039
75888208
75917088
75923050
76137614
76359406
76372778
76442616
76587747
76685519
76763417
76782778
76812113
76815942
76972801
76990617
77235086
77297908
77307161
77515704
77527210
77538567
77610772
77778835
77848740
77901552
78010363
78231355
78310590
78316184
78358521
78371393
78527720
78540593
78556320
78792195
78811937
78868119
78872731
78910579
78917791
78942513
79016563
79086452
79130389
79206750
79333300
79400597
79491903
79514956
79571449
79575620
79629370
79649195
79656239
79759367
79816536
79890560
79972330
79997591
80101899
80143954
80190753
80193355
80230510
80304126
80316585
80513550
80532587
80678380
80741828
80770678
80802524
80887952
81254059
81263643
81306186
81325903
81354330
81383947
81489939
81558967
81563416
81587028
81616639
81661951
81670445
81686058
81846636
81913510
82005435
82085619
82140600
82263578
82270047
82386016
82422049
82466274
82529174
82627406
82693917
82734805
82738277
82832464
82956492
82962242
82971335
83032858
83190280
83266006
83269557
83407038
83544697
83675475
83705073
83725008
84055227
84080938
84117021
84136000
84218527
84257639
84341431
84401683
84430165
84523092
84539520
84749824
84766279
84812868
84824601
84916669
84988419
85080444
85239662
85310252
85489096
85646474
85682655
85696777
85763457
85802526
85827713
85909450
86274272
86585274
86742443
86750474
86767655
86778566
86825114
86848580
86885905
86926989
86937530
86938484
87043568
87047161
87054946
87118301
87148330
87257460
87259933
87294988
87497553
87608852
87931906
87990236
88176533
88241506
88358139
88453933
88494899
88616795
88753594
88789641
88935103
88942504
88958576
89055154
89252157
89258906
89448140
89516305
89567993
89810518
90098780
90147755
90156158
90207654
90238142
90243945
90263923
90330453
90452877
90519313
90576781
90642597
90673288
90724272
90726340
90887783
90925163
90960358
90963488
91027843
91188343
91258852
91272072
91299846
91449144
91505214
91512835
91559748
91584698
91588074
91646304
91668401
91812341
91822647
91869203
91932350
91946859
91953000
91969909
92015800
92053608
92099232
92182447
92219931
92411493
92418590
92421852
92512625
92518817
92559258
92562411
92595643
92723496
92784374
92881099
92924317
92932860
93221206
93302695
93343894
93451636
93469007
93503294
93738004
94004268
94096018
94160895
94207108
94303232
94380860
94381039
94425169
94626871
94666032
94677445
94739788
94820406
94919024
94977269
94997874
95004025
95083785
95132338
95245544
95362816
95443805
95448692
95503687
95511642
95561280
95658967
96150936
96235275
96363153
96385345
96470883
96570609
96682430
96765646
96789758
96864811
97023549
97165977
97173708
97211663
97268402
97273514
97574404
97623219
97648103
97661969
97677329
97729135
97854941
97940434
97947705
97949165
97997309
98147766
98169343
98299011
98338152
98358303
98446407
98558751
98700941
98707192
98753320
98792570
98850929
98918572
98935722
98999181
99011763
99070951
99212922
99348756
99414168
99427357
99469936
99518961
99550630
99590524
99597615
99645428
99659159
99795159
99885917
99890852
